                    3.59999990                    3.59999990            278835524.11186087
                    3.59999990                    3.59999990            278835524.61186087
                    3.59999990                    3.59999990            278835525.11186087
                    3.59999990                    3.59999990            278835525.61186087
                    3.59999990                    3.59999990            278835526.11186087
                    3.59999990                    3.59999990            278835526.61186087
                    3.59999990                    3.59999990            278835527.11186087
                    3.59999990                    3.59999990            278835527.61186087
                    3.59999990                    3.59999990            278835528.11186087
                    3.59999990                    3.59999990            278835528.61186087
                    3.59999990                    3.59999990            278835529.11186087
                    3.59999990                    3.59999990            278835529.61186087
                    3.59999990                    3.59999990            278835530.11186093
                    3.59999990                    3.59999990            278835530.61186093
                    3.59999990                    3.59999990            278835531.11186093
                    3.59999990                    3.59999990            278835531.61186093
                    3.59999990                    3.59999990            278835532.11186093
                    3.59999990                    3.59999990            278835532.61186093
                    3.59999990                    3.59999990            278835533.11186093
                    3.59999990                    3.59999990            278835533.61186093
                    3.59999990                    3.59999990            278835526.95843047
                    3.59999990                    3.59999990            278835534.61186093
                    3.59999990                    3.59999990            278835527.45843047
                    3.59999990                    3.59999990            278835535.61186093
                    3.59999990                    3.59999990            278835536.11186093
                    3.59999990                    3.59999990            278835536.61186099
                    3.59999990                    3.59999990            278835537.11186099
                    3.59999990                    3.59999990            278835537.61186099
                    3.59999990                    3.59999990            278835538.11186099
                    3.59999990                    3.59999990            278835538.61186099
                    3.59999990                    3.59999990            278835539.11186099
                    3.59999990                    3.59999990            278835539.61186099
                    3.59999990                    3.59999990            278835540.11186099
                    3.59999990                    3.59999990            278835540.61186099
                    3.59999990                    3.59999990            278835541.11186099
                    3.59999990                    3.59999990            278835541.61186099
                    3.59999990                    3.59999990            278835542.11186099
                    3.59999990                    3.59999990            278835542.61186099
                    3.59999990                    3.59999990            278835543.11186099
                    3.59999990                    3.59999990            278835543.61186099
                    3.59999990                    3.59999990            278835544.11186099
                    3.59999990                    3.59999990            278835544.61186099
                    3.59999990                    3.59999990            278835545.11186099
                    3.59999990                    3.59999990            278835545.61186099
                    3.59999990                    3.59999990            278835546.11186099
                    3.59999990                    3.59999990            278835546.61186099
                    3.59999990                    3.59999990            278835547.11186099
                    3.59999990                    3.59999990            278835547.61186099
                    3.59999990                    3.59999990            278835548.11186105
                    3.59999990                    3.59999990            278835548.61186105
                    3.59999990                    3.59999990            278835549.11186105
                    3.59999990                    3.59999990            278835549.61186105
                    3.59999990                    3.59999990            278835550.11186105
                    3.59999990                    3.59999990            278835550.61186105
                    3.59999990                    3.59999990            278835551.11186105
                    3.59999990                    3.59999990            278835551.61186105
                    3.59999990                    3.59999990            278835552.11186105
                    3.59999990                    3.59999990            278835552.61186105
                    3.59999990                    3.59999990            278835553.11186105
                    3.59999990                    3.59999990            278835553.61186105
                    3.59999990                    3.59999990            278835554.11186105
                    3.59999990                    3.59999990            278835554.61186105
                    3.59999990                    3.59999990            278835555.11186111
                    3.59999990                    3.59999990            278835555.61186111
                    3.59999990                    3.59999990            278835556.11186111
                    3.59999990                    3.59999990            278835556.61186111
                    3.59999990                    3.59999990            278835557.11186111
                    3.59999990                    3.59999990            278835557.61186111
                    3.59999990                    3.59999990            278835558.11186111
                    3.59999990                    3.59999990            278835558.61186111
                    3.59999990                    3.59999990            278835559.11186111
                    3.59999990                    3.59999990            278835559.61186111
                    3.59999990                    3.59999990            278835560.11186111
                    3.59999990                    3.59999990            278835560.61186111
                    3.59999990                    3.59999990            278835561.11186111
                    3.59999990                    3.59999990            278835561.61186111
                    3.59999990                    3.59999990            278835562.11186111
                    3.59999990                    3.59999990            278835562.61186111
                    3.59999990                    3.59999990            278835563.11186111
                    3.59999990                    3.59999990            278835563.61186111
                    3.59999990                    3.59999990            278835564.11186111
                    3.59999990                    3.59999990            278835564.61186111
                    3.59999990                    3.59999990            278835565.11186111
                    3.59999990                    3.59999990            278835565.61186111
                    3.59999990                    3.59999990            278835566.11186111
                    3.59999990                    3.59999990            278835566.61186117
                    3.59999990                    3.59999990            278835567.11186117
                    3.59999990                    3.59999990            278835567.61186117
                    3.59999990                    3.59999990            278835568.11186117
                    3.59999990                    3.59999990            278835568.61186117
                    3.59999990                    3.59999990            278835569.11186117
                    3.59999990                    3.59999990            278835569.61186117
                    3.59999990                    3.59999990            278835570.11186117
                    3.59999990                    3.59999990            278835570.61186117
                    3.59999990                    3.59999990            278835571.11186123
                    3.59999990                    3.59999990            278835571.61186123
                    3.59999990                    3.59999990            278835572.11186123
                    3.59999990                    3.59999990            278835572.61186123
                    3.59999990                    3.59999990            278835573.11186123
                    3.59999990                    3.59999990            278835573.61186123
                    3.59999990                    3.59999990            278835574.11186123
                    3.59999990                    3.59999990            278835574.61186123
                    3.59999990                    3.59999990            278835575.11186123
                    3.59999990                    3.59999990            278835575.61186123
                    3.59999990                    3.59999990            278835576.11186129
                    3.59999990                    3.59999990            278835576.61186129
                    3.59999990                    3.59999990            278835577.11186129
                    3.59999990                    3.59999990            278835577.61186129
                    3.59999990                    3.59999990            278835578.11186129
                    3.59999990                    3.59999990            278835578.61186129
                    3.59999990                    3.59999990            278835579.11186129
                    3.59999990                    3.59999990            278835579.61186129
                    3.59999990                    3.59999990            278835580.11186129
                    3.59999990                    3.59999990            278835580.61186129
                    3.59999990                    3.59999990            278835581.11186129
                    3.59999990                    3.59999990            278835581.61186129
                    3.59999990                    3.59999990            278835582.11186129
                    3.59999990                    3.59999990            278835582.61186135
                    3.59999990                    3.59999990            278835583.11186135
                    3.59999990                    3.59999990            278835583.61186135
                    3.59999990                    3.59999990            278835584.11186135
                    3.59999990                    3.59999990            278835584.61186135
                    3.59999990                    3.59999990            278835585.11186135
                    3.59999990                    3.59999990            278835585.61186135
                    3.59999990                    3.59999990            278835586.11186135
                    3.59999990                    3.59999990            278835586.61186135
                    3.59999990                    3.59999990            278835587.11186135
                    3.59999990                    3.59999990            278835587.61186135
